# Step, Volume[km3], Depth[km], CR diameter[km], DR diameter[km]
0 0.0 0.0 0.0 0.0
15 4113.91328653 12.0888697863 25.5706025162 27.6294864357
30 7821.48068815 14.9965363182 32.6864546267 33.2511342605
45 10853.8253938 16.5188523471 37.4123950689 37.1666068573
60 13518.6906728 17.5107755363 41.207650632 40.3620395518
75 15327.3909435 17.8892368555 44.2074968842 42.8115628385
90 16452.9656626 17.9151423454 46.6247943153 44.7294625357
105 17325.7133264 17.749884218 48.8354893036 46.4537983542
120 18084.9673421 17.5545090705 51.0079884528 48.1150445186
135 18543.2625892 17.1648010552 53.001958754 49.6200180884
150 18555.7151638 16.4613071442 54.6613162096 50.8665970358
165 18416.4763475 15.523828274 56.4414111296 52.1273916609
180 18416.0505572 14.5330787897 58.3874584279 53.658107325
195 18334.5333152 13.6243700385 60.610639271 55.2101274814
