# Step, Volume[km3], Depth[km], CR diameter[km], DR diameter[km]
0 0.0 0.0 0.0 0.0
5 155581.020532 37.1969819665 84.2086750256 102.764614043
10 334698.754342 51.5644247234 110.369386267 123.581397764
15 497827.716847 60.1454067826 128.243397239 137.433524496
20 636149.931394 65.8903983086 141.820873418 148.275634705
25 749978.59717 69.5590471923 152.583079248 156.593691168
30 837542.29159 71.5004585683 161.75366694 163.735515064
35 898956.971989 72.013692081 169.548374656 169.412559626
40 937423.460489 71.516690582 176.369404282 174.244311423
45 958392.520061 70.3282902241 182.109710162 178.788868732
50 964274.967836 68.5985192955 187.361365994 183.009438233
55 963574.737322 66.5926860869 193.001540714 186.684120018
60 965895.584027 64.5485000014 197.571892115 190.587228916
65 958429.96897 61.7236888409 203.096706757 194.616942539
70 951183.691481 58.3217863441 209.017922499 199.209946107
