# Step, Volume[km3], Depth[km], CR diameter[km], DR diameter[km]
0 0.0 0.0 0.0 0.0
20 10115.0842794 17.4468999624 31.4621923072 31.4394290819
40 19277.0643003 20.0015189052 40.7234456434 40.4225391593
60 27520.3171085 21.5587738484 47.3119288442 46.5815837143
80 32837.3316963 22.1425050974 52.6001912542 51.0649318802
100 36290.078758 22.3602713853 56.9032425781 54.5150722493
120 39362.1536549 22.541870594 60.8049777135 57.6167156633
140 40828.8751107 22.2962115526 64.4000243171 60.3105869226
160 41277.161186 21.8192462444 67.6757885423 62.7416342972
180 42024.3260712 21.2262188077 71.0234638324 65.3829870277
200 41849.3567012 20.1315439701 73.6301075479 68.0752883465
