# Step, Volume[km3], Depth[km], CR diameter[km], DR diameter[km]
0 0.0 0.0 0.0 0.0
5 279300.156864 59.2305125594 89.9325196857 89.9327987207
10 616164.203608 77.3602737188 119.610246654 119.595261298
15 940651.998854 87.149587512 139.508939772 139.497246119
20 1247696.61154 94.8198159635 155.613935813 156.315389327
25 1501230.42406 100.437689483 169.669815665 169.555001947
30 1710354.79123 104.200903177 181.360134675 180.796912542
35 1877855.16587 106.861396432 191.185684151 190.373055816
40 1999574.40467 108.287642956 199.5917146 198.545237698
45 2070912.65904 108.119556248 207.041239664 205.78729661
50 2085326.15335 105.76572445 213.831698479 212.113048189
55 2098941.07972 103.530130237 220.333768035 218.666907232
60 2104310.89426 98.8520324081 226.35783621 224.521378777
65 2090104.17863 90.017555356 233.001989544 230.588850432
70 2063223.93355 85.2111119032 239.04749788 236.089711119
