# Step, Volume[km3], Depth[km], CR diameter[km], DR diameter[km]
0 0.0 0.0 0.0 0.0
15 5888.30939463 14.6729223609 28.2007038746 28.6438001399
30 11473.6788895 17.9271268606 36.1469770669 35.6336303333
45 16120.8268856 19.5220749736 41.5758170644 40.3013890817
60 20257.7833946 20.5262003005 45.9198905662 44.158762704
75 22954.3691771 20.8062320113 49.4116808459 47.0474008532
90 24800.9908646 20.7666941762 52.4049407616 49.4052646122
105 26437.0721587 20.6596261263 55.1098530126 51.5310813607
120 27858.9910389 20.4539554834 57.6819300579 53.5126999333
135 28703.3599592 20.0230586052 60.2000047969 55.2273131643
150 28923.0575432 19.3201550186 62.4070628192 56.7267845351
165 29106.2373623 18.5248518944 64.6905731597 58.316908475
180 29457.5527108 17.7710710853 67.2564132154 60.044681646
195 29503.2039924 17.0234432578 69.8234105099 61.6955736431
210 29031.0268709 16.089487493 71.4178604352 63.0848103845
225 28608.1220556 15.0857383609 72.2309822352 64.6276296057
240 28540.4655321 14.1230662048 73.0591016245 66.2619591166
255 28417.8425951 13.1317762554 73.8924006392 67.8875833712
