# Step, Volume[km3], Depth[km], CR diameter[km], DR diameter[km]
0 0.0 0.0 0.0 0.0
5 222859.848581 48.5997358263 91.5405726232 98.6446990303
10 482385.03478 65.04715693 121.145812562 125.034270897
15 726793.482783 75.7868487984 141.186734306 142.402722351
20 942929.86995 83.7478837967 156.443448928 155.600857488
25 1122804.27182 89.3669044375 168.714225732 166.831403083
30 1264927.77326 92.5516375601 179.058272298 175.192247432
35 1371872.68829 93.67734465 188.024507486 182.952259724
40 1445451.86306 92.8655157536 195.570183317 189.337868075
45 1487985.74817 91.4273108244 202.376695582 194.994564703
50 1496881.54709 88.8211604208 208.338128216 199.880056554
55 1498116.08326 86.4839458466 214.007292059 204.511297276
60 1503050.68557 83.7529506534 219.191752993 209.504998309
65 1490533.73164 79.8322871625 225.096083472 213.604128453
70 1474882.67404 75.6703695357 231.123226002 217.760241182
