# Step, Volume[km3], Depth[km], CR diameter[km], DR diameter[km]
0 0.0 0.0 0.0 0.0
5 89006.4508987 25.7216280401 70.4238677549 108.041303559
10 188902.647666 36.7012839913 91.1454432117 119.912903897
15 274809.582746 42.4793754816 105.544280076 129.522429213
20 345072.650622 45.585357517 116.394588064 137.247796731
25 399257.139761 47.1610596776 125.109399946 144.114878408
30 438850.141003 47.8200152814 132.455761321 148.820206292
35 465068.54592 47.8070560396 139.037002243 153.263197992
40 481363.765295 47.375880301 144.229831302 157.30453787
45 490957.513708 46.8200698942 149.417445141 161.114399953
50 494027.675716 46.154299736 154.203810723 164.233499506
55 491975.762137 45.1163032055 159.073357032 167.759419026
60 491095.868064 43.8512828946 163.449670647 171.790381643
65 486024.370831 42.1762077808 167.833730111 176.266907543
70 481401.16481 40.1572358608 173.220016479 188.303370649
